sadness,joy,love,anger,fear,surprise
0.046357516,0.6777401,0.023825442,0.22095849,0.028586598,0.002531846
0.0106813,0.2601043,0.008240746,0.6989577,0.020715658,0.0013002693
0.038614348,0.6704503,0.010928164,0.24220571,0.03402682,0.0037746239
0.05891097,0.5195827,0.008375193,0.36931023,0.040914312,0.0029066338
0.042256456,0.8089486,0.01209377,0.10089206,0.03365637,0.0021527014
0.020055206,0.8998114,0.018418204,0.04083609,0.019074678,0.0018044456
0.8194295,0.14028455,0.014629331,0.017087635,0.007835693,0.0007332783
0.22097951,0.6159897,0.020581968,0.123588964,0.017072475,0.0017873538
0.020525998,0.8272206,0.009798758,0.097345024,0.041699033,0.0034106388
0.02323289,0.84453267,0.01133715,0.071351916,0.046330575,0.0032147786
0.25290635,0.5936817,0.01377092,0.047194637,0.09006235,0.002384063
0.053984847,0.81849277,0.009885929,0.052553106,0.06292622,0.0021572523
0.04809799,0.8045453,0.009297132,0.10177279,0.034523465,0.0017633326
0.1110485,0.6572576,0.012118643,0.18510215,0.032875597,0.0015973856
0.17020012,0.45224965,0.01513404,0.2605912,0.09985181,0.001973112
0.87774986,0.08807348,0.009672658,0.016915219,0.0072094635,0.00037940187
0.79668933,0.14667866,0.012826719,0.036124423,0.007080568,0.0006002275
0.028435009,0.43816653,0.0116229635,0.4535231,0.064698726,0.0035535938
0.016965175,0.1581607,0.0048125624,0.7843054,0.033752512,0.002003663
0.033123676,0.56255126,0.008775791,0.3408419,0.05225174,0.002455703
0.016915094,0.9133448,0.0104125915,0.042543057,0.01490931,0.001875247
0.027720595,0.86859864,0.014033244,0.06525939,0.022457596,0.0019306452
0.0422082,0.626906,0.011454048,0.27455285,0.042605046,0.002273946
0.06764434,0.48617628,0.009947934,0.3927002,0.041281976,0.0022492795
0.062234934,0.75927836,0.013855358,0.14399824,0.018762162,0.0018709282
0.019882318,0.8341677,0.012524347,0.1127012,0.018701298,0.0020231602
0.0102134375,0.11131119,0.0036121155,0.85377574,0.019595133,0.0014923911
0.022939777,0.19582988,0.0043764696,0.7439158,0.031092979,0.0018451192
0.035939556,0.8257555,0.0066067586,0.09531118,0.034736495,0.0016505921
0.039195307,0.9009686,0.004742401,0.03926713,0.015010866,0.00081558
0.14188702,0.54115236,0.008817773,0.2624144,0.044147268,0.0015811938
0.048085697,0.72986084,0.0062826704,0.17935711,0.034885623,0.0015281157
0.027656674,0.8565315,0.008551953,0.08336879,0.022078201,0.0018129856
0.036690474,0.82323277,0.011610804,0.08899817,0.03680323,0.0026644722
0.027561205,0.87428474,0.009960731,0.05262371,0.033791214,0.0017784231
0.024254994,0.2931277,0.007506727,0.64043814,0.032550592,0.0021218937
0.029640157,0.2702592,0.007994269,0.66839224,0.021616558,0.0020976127
0.6775358,0.20419618,0.00927069,0.09077327,0.017197056,0.0010269658
0.5209583,0.31883514,0.012496674,0.11379884,0.03237955,0.0015314391
0.045740407,0.84880644,0.07151758,0.020014921,0.011872729,0.0020479024
0.2395029,0.6428024,0.06625233,0.028957931,0.020579536,0.0019048847
0.30864394,0.5141622,0.015251333,0.12373434,0.036368717,0.0018395373
0.0810893,0.8071653,0.019771745,0.07433635,0.016203236,0.0014339583
0.0805652,0.8079553,0.038297437,0.0627547,0.009083271,0.0013440409
0.07202551,0.80372906,0.03626661,0.07551686,0.01124173,0.0012201752
0.050490446,0.8189053,0.0173458,0.09364474,0.018147016,0.0014667761
0.11430726,0.7939208,0.019514162,0.057235472,0.013766525,0.0012557063
0.012344399,0.95084864,0.01009084,0.019239265,0.0064846505,0.0009923066
0.02059301,0.909969,0.02792217,0.0329651,0.0068899444,0.0016608582
0.05740891,0.7763702,0.02199601,0.092166156,0.043839887,0.008218807
