sadness,joy,love,anger,fear,surprise
0.11678878,0.7559077,0.027087545,0.074732415,0.023457384,0.002026135
0.3723859,0.50982386,0.0244412,0.054325264,0.03695926,0.0020645012
0.27087364,0.6272502,0.033155262,0.0481546,0.019047797,0.0015185347
0.044340603,0.8769641,0.04590152,0.026229687,0.005465841,0.0010983282
0.051249173,0.8580011,0.037624937,0.0454308,0.006284871,0.0014091239
0.1072789,0.57526624,0.019402253,0.25603732,0.039265476,0.0027498568
0.06783205,0.51740086,0.00937988,0.36353374,0.039078508,0.0027749564
0.8589603,0.06747507,0.0059626326,0.056018103,0.010782862,0.0008010945
0.859429,0.07842599,0.007875076,0.031369407,0.021997683,0.0009028405
0.06985686,0.3699246,0.012099882,0.28404057,0.26000538,0.0040726764
0.038522575,0.3841486,0.011011775,0.44039708,0.12271003,0.0032099176
0.044781066,0.32355836,0.010140194,0.5301994,0.08802771,0.0032932588
0.1777335,0.2627512,0.011925564,0.4485313,0.096246205,0.0028122894
0.14431782,0.3098491,0.010056198,0.4357648,0.09670381,0.0033082748
0.0880499,0.32512707,0.013010685,0.5001348,0.07113193,0.0025456448
0.032421425,0.87559855,0.005233339,0.052580908,0.032843284,0.0013223878
0.006834057,0.97072226,0.0023299998,0.011630462,0.0077909357,0.0006923338
0.024414562,0.85932785,0.018283691,0.074470684,0.020899318,0.0026039428
0.04536856,0.81001383,0.017546976,0.082206614,0.042567153,0.002296786
0.09944858,0.49644125,0.018740531,0.2333898,0.14915895,0.0028209416
0.06910757,0.67334545,0.020277886,0.14421049,0.090634935,0.0024236897
0.038801923,0.455193,0.017657643,0.2497884,0.23418051,0.0043786485
0.14034541,0.5211024,0.028340595,0.16416556,0.14202814,0.0040177875
0.06488115,0.719018,0.014917545,0.13562092,0.059344873,0.0062175873
