sadness,joy,love,anger,fear,surprise
0.030406114,0.7750576,0.014395266,0.15464503,0.023202097,0.0022938314
0.03177336,0.6052802,0.010727595,0.31638077,0.03305293,0.0027852433
0.030652605,0.58388937,0.0114648715,0.32634568,0.043983754,0.0036637574
0.03448763,0.74031967,0.016073743,0.16089605,0.04521645,0.0030064306
0.039880577,0.5963047,0.01267808,0.28412387,0.06457831,0.002434479
0.018769208,0.8077373,0.014987101,0.12568435,0.030306444,0.0025155973
0.02435138,0.8371183,0.022140374,0.08556711,0.027628291,0.003194497
0.028518943,0.7295372,0.019556746,0.1720547,0.047341026,0.00299141
0.039059464,0.66053176,0.020374032,0.20239477,0.07410325,0.003536681
0.032540023,0.7307713,0.012411161,0.17688309,0.04523678,0.0021577005
0.026518168,0.8039312,0.014868325,0.12579572,0.026363656,0.0025230162
0.032017574,0.7388299,0.023006927,0.1484316,0.052848846,0.0048650755
0.027274873,0.68039995,0.016485028,0.2194009,0.053213943,0.003225373
0.021728298,0.7026775,0.013753807,0.22025713,0.038894955,0.0026883257
0.024215503,0.64948964,0.013593122,0.26569805,0.044633444,0.002370199
0.035617426,0.46248236,0.007603997,0.44029382,0.052256085,0.0017462975
0.023384424,0.17019486,0.005629061,0.7407451,0.058209985,0.0018365666
0.037771825,0.43747196,0.012163903,0.45122677,0.05868987,0.0026756797
0.024376854,0.8302382,0.01379687,0.11050377,0.019085664,0.0019986446
0.016283061,0.6185069,0.016640201,0.32514915,0.021219919,0.002200778
0.016819429,0.73053664,0.013449229,0.21882764,0.018363893,0.0020032073
0.028571323,0.6739499,0.009945299,0.26034272,0.025273308,0.0019174782
0.024861814,0.70990443,0.0106282085,0.22080693,0.031512532,0.002286045
0.011121577,0.9122454,0.010575533,0.05423539,0.010441971,0.0013801001
0.008575255,0.91207546,0.012923168,0.052541092,0.011430435,0.002454553
0.016861048,0.7116765,0.014606834,0.22235435,0.03103575,0.0034655244
0.030930782,0.6799961,0.010163301,0.23895743,0.037656438,0.0022959672
0.035241168,0.7254963,0.011556422,0.1894718,0.035564013,0.002670241
0.059113666,0.57671505,0.02717421,0.23170575,0.09844982,0.0068414076
0.057843864,0.7357797,0.021205142,0.100873806,0.077881075,0.0064164824
