sadness,joy,love,anger,fear,surprise
0.15991202,0.66982573,0.03508677,0.1049688,0.027908633,0.0022979784
0.10733349,0.6689645,0.014224411,0.1374993,0.069549195,0.002429101
0.08213345,0.5252273,0.008077202,0.35134777,0.031095147,0.0021190946
0.03211024,0.3599955,0.008548319,0.5686252,0.02805967,0.002660991
0.0282142,0.7576163,0.011286791,0.16553326,0.035177164,0.0021721765
0.06596668,0.759808,0.014553399,0.11129032,0.04556844,0.002813092
0.42508397,0.40058026,0.013754366,0.094187506,0.063167006,0.0032267794
0.01798448,0.88358665,0.0130824335,0.049983967,0.032274716,0.0030878298
0.014599878,0.8769566,0.009743483,0.06868131,0.027592663,0.0024261612
0.03694637,0.656721,0.007901851,0.2678422,0.028038317,0.0025502804
0.025604434,0.86003995,0.0067294347,0.08695191,0.019089574,0.0015845996
0.0064402143,0.9686554,0.007807831,0.010190273,0.0059150574,0.0009911937
0.030453408,0.8810452,0.016271088,0.048702244,0.02185038,0.0016776742
0.010203813,0.9331364,0.04121054,0.009458572,0.004769124,0.0012214781
0.012499754,0.89732945,0.020213706,0.049319725,0.01851213,0.0021253056
0.018154804,0.6768384,0.01274025,0.23816583,0.050037812,0.004062932
0.0492697,0.6603833,0.013548247,0.21645355,0.055985685,0.004359496
0.021578787,0.8482982,0.014854795,0.06864921,0.04305442,0.0035646425
0.0074008815,0.9440521,0.008773685,0.02327296,0.0145894205,0.0019109728
0.008017087,0.95060164,0.011238889,0.019396206,0.008864292,0.0018818903
0.011087178,0.9270552,0.013471654,0.029690523,0.015009609,0.0036859356
0.055718135,0.79808325,0.023625141,0.08869437,0.03137079,0.002508207
0.020264836,0.9139968,0.033553496,0.020443613,0.009812068,0.001929187
0.043049965,0.78376156,0.0172018,0.12021144,0.03356049,0.002214784
0.08041194,0.8095518,0.022025606,0.06541021,0.021182239,0.0014182089
0.014075671,0.89159435,0.010085269,0.051719837,0.030091368,0.0024334579
0.030593151,0.7029684,0.009773903,0.16554767,0.087748475,0.003368342
0.037657324,0.6239279,0.008952325,0.2843713,0.04223291,0.0028581875
0.0077207536,0.89368296,0.010040035,0.06648116,0.015310276,0.006764865
0.019383335,0.7798323,0.013669244,0.13719736,0.039989047,0.009928686
0.02794135,0.7512883,0.009448674,0.16674629,0.041493353,0.0030820798
0.030641971,0.795022,0.009151511,0.13095492,0.03219522,0.002034444
0.029313896,0.71742404,0.012534628,0.19184823,0.045580365,0.0032989844
0.042476382,0.77166563,0.015278108,0.13209757,0.035698466,0.0027839143
0.035496276,0.7144229,0.016252305,0.17311096,0.058130182,0.0025873212
0.013605578,0.13896543,0.008389583,0.16117984,0.6743618,0.0034978087
0.00977825,0.084971115,0.0070223245,0.15371937,0.74068326,0.0038256804
0.016447535,0.21656856,0.009674953,0.49189448,0.26076385,0.0046505835
0.018592378,0.67649037,0.008328984,0.25379243,0.039791066,0.0030047519
0.0043010437,0.9713794,0.006594767,0.012019703,0.0045872196,0.0011178753
0.008678598,0.92185444,0.014466398,0.039610926,0.013109723,0.0022798607
0.021684393,0.65741384,0.012743022,0.2596138,0.04494993,0.003594979
0.027879741,0.49177417,0.008431256,0.43783432,0.031265065,0.002815474
0.023555767,0.12527423,0.0032986228,0.8323122,0.014183284,0.00137575
0.03824103,0.23142333,0.004504306,0.7066754,0.017421892,0.0017340335
0.011972441,0.9574383,0.006770864,0.013409029,0.009202256,0.0012070836
0.028340874,0.8954914,0.009610208,0.027692856,0.036598444,0.0022661507
0.028638404,0.76526594,0.009495954,0.15130274,0.04271408,0.0025828106
0.0048289304,0.96303844,0.002994789,0.0128858145,0.015147519,0.0011045339
0.019238103,0.87993205,0.0082821,0.04363308,0.046908002,0.0020065594
0.030265892,0.8184707,0.00866307,0.11137512,0.029254109,0.0019709724
0.044358756,0.77539283,0.0140284905,0.13966532,0.024152394,0.0024023068
0.029413246,0.8840285,0.013107975,0.05918424,0.012617381,0.0016488394
0.011934614,0.89982104,0.012924422,0.05446215,0.019107237,0.0017504719
0.0052743675,0.9582359,0.0060522095,0.016436322,0.011850629,0.0021505847
0.02819225,0.7989091,0.012835347,0.12693211,0.029162325,0.0039688246
0.031089848,0.1505202,0.005648003,0.7888464,0.021565005,0.002330549
0.039654527,0.25692123,0.0069906376,0.6513332,0.042093292,0.0030071964
0.028858319,0.8059579,0.01119797,0.103492714,0.047374576,0.003118607
0.033464056,0.7004168,0.017158138,0.19882059,0.046032675,0.0041077603
0.037339218,0.7326752,0.0119752595,0.18774594,0.027286395,0.002977964
0.019125853,0.90369105,0.015441749,0.035191115,0.024055144,0.0024951387
0.008922883,0.9464795,0.021797322,0.015004701,0.0061089844,0.0016865652
0.014835837,0.76574284,0.016628226,0.15591025,0.04132359,0.005559237
0.013909263,0.35586917,0.00891606,0.4814881,0.135335,0.0044824635
0.026786411,0.36969438,0.010575126,0.51976424,0.069906846,0.0032730277
0.10884516,0.32125607,0.0100974245,0.50648403,0.050777644,0.0025397083
0.07493756,0.30961657,0.012119016,0.50161123,0.098820314,0.002895281
0.033850394,0.29951686,0.010731652,0.5814773,0.07121841,0.0032052943
0.030810842,0.26188776,0.011513929,0.60541797,0.08662598,0.003743495
0.028719952,0.24423793,0.011502932,0.6042218,0.10758492,0.0037324682
0.026401954,0.6260646,0.008762713,0.25570995,0.08024562,0.002815228
0.01864159,0.19462883,0.009450936,0.18703257,0.5865011,0.0037449182
0.035674177,0.33383283,0.012435244,0.2617496,0.35247132,0.0038368336
0.05300969,0.79543877,0.018813899,0.10229184,0.026970355,0.0034755345
0.0583289,0.7561247,0.022475531,0.10050247,0.053622648,0.008945821
