sadness,joy,love,anger,fear,surprise
0.040498324,0.65014076,0.009936083,0.20322771,0.09362935,0.002567721
0.016290525,0.81581277,0.008273085,0.06372615,0.093143374,0.00275411
0.015667252,0.793635,0.009973455,0.057743676,0.11954765,0.0034329852
0.030283775,0.45177886,0.011051013,0.20628355,0.29642618,0.0041766856
0.018217457,0.7922889,0.009627426,0.13271573,0.044593267,0.0025572688
0.0052788607,0.9735695,0.0024439704,0.011167784,0.006793532,0.0007464882
0.018257318,0.8675725,0.00549572,0.06613585,0.04118305,0.0013556447
0.031216301,0.35236657,0.013597338,0.23582006,0.36295715,0.004042634
0.022356862,0.59904575,0.0113832895,0.23117073,0.13301092,0.0030324766
0.03404474,0.6165673,0.008906576,0.22051768,0.11755642,0.002407287
0.05007564,0.3352143,0.011273954,0.29325944,0.3071,0.0030767473
0.06521397,0.37836608,0.0114127025,0.4385258,0.10443729,0.00204406
0.042501904,0.31877488,0.0068911565,0.59717613,0.033042714,0.0016132098
0.026675593,0.4391771,0.008163074,0.4842794,0.039034445,0.0026703337
0.026690511,0.6244004,0.010606073,0.28775012,0.04669147,0.0038614827
0.019369666,0.84193,0.0071564657,0.11185236,0.017420055,0.0022713386
0.009716269,0.96034193,0.004295828,0.015469407,0.008803101,0.0013734325
0.009362756,0.96573424,0.0050708093,0.012163155,0.006652013,0.0010171768
0.037335902,0.8525428,0.007451202,0.08614447,0.015322466,0.0012031101
0.08115281,0.26388294,0.0072121103,0.60756594,0.038815293,0.0013710087
0.058027472,0.28086695,0.008640067,0.6210155,0.029787896,0.0016620796
0.07882426,0.40848404,0.012263684,0.32394606,0.17337963,0.0031023622
0.043556552,0.11217722,0.006217223,0.1714835,0.6636941,0.0028714489
0.057323817,0.60621417,0.0076036286,0.12685332,0.19940865,0.0025963273
0.048652295,0.82305956,0.015961254,0.06322301,0.04242335,0.0066805035
